1.0855405992184108
2.1710811984368217
2.1710811984368217
2.1710811984368217
2.1710811984368217
2.1710811984368217
2.1710811984368217
2.1710811984368217
2.1710811984368217
2.1710811984368217
2.1710811984368217
2.1710811984368217
2.1710811984368217
2.1710811984368217
2.1710811984368217
2.1710811984368217
2.1710811984368217
2.1710811984368217
2.1710811984368217
2.1710811984368217
2.1710811984368217
2.1710811984368217
2.1710811984368217
2.1710811984368217
2.1710811984368217
1.6614447687645983
1.151808339092375
1.151808339092375
1.151808339092375
1.151808339092375
1.151808339092375
1.151808339092375
1.151808339092375
1.6065260351893813
1.7512295875421477
1.3042239527440196
1.456639566395664
1.456639566395664
1.456639566395664
1.456639566395664
1.456639566395664
1.456639566395664
1.456639566395664
1.456639566395664
1.456639566395664
1.456639566395664
1.456639566395664
1.456639566395664
1.456639566395664
1.456639566395664
1.456639566395664
1.456639566395664
1.456639566395664
1.456639566395664
1.456639566395664
1.456639566395664
1.456639566395664
1.456639566395664
1.456639566395664
1.456639566395664
1.456639566395664
1.456639566395664
1.456639566395664
1.456639566395664
1.456639566395664
1.456639566395664
1.456639566395664
1.456639566395664
1.456639566395664
1.456639566395664
1.456639566395664
1.456639566395664
1.456639566395664
0.728319783197832
0.5257758399589638
1.0515516799179276
1.0515516799179276
1.0515516799179276
1.0515516799179276
1.0515516799179276
1.0515516799179276
1.0515516799179276
1.0515516799179276
1.0515516799179276
1.0515516799179276
1.0515516799179276
1.0515516799179276
1.0515516799179276
1.0515516799179276
1.02889517986639
1.0062386798148522
1.0062386798148522
1.0062386798148522
1.0062386798148522
1.0062386798148522
1.0062386798148522
1.0062386798148522
1.0062386798148522
1.0522078529757326
1.098177026136613
1.098177026136613
1.098177026136613
1.098177026136613
1.098177026136613
1.098177026136613
1.098177026136613
1.098177026136613
1.098177026136613
1.098177026136613
1.098177026136613
1.098177026136613
1.098177026136613
1.098177026136613
1.098177026136613
1.098177026136613
1.098177026136613
1.098177026136613
1.098177026136613
1.098177026136613
1.098177026136613
1.098177026136613
1.098177026136613
1.098177026136613
0.5490885130683065
1.3061299925413032
1.20439249025859
1.20439249025859
1.20439249025859
1.20439249025859
1.20439249025859
1.20439249025859
1.20439249025859
1.20439249025859
1.20439249025859
1.20439249025859
1.20439249025859
1.20439249025859
1.20439249025859
1.20439249025859
1.20439249025859
1.20439249025859
1.20439249025859
1.20439249025859
1.20439249025859
1.20439249025859
1.20439249025859
1.20439249025859
1.20439249025859
1.20439249025859
1.20439249025859
1.20439249025859
1.20439249025859
1.20439249025859
1.20439249025859
1.20439249025859
1.20439249025859
1.20439249025859
1.20439249025859
1.20439249025859
1.20439249025859
1.20439249025859
1.20439249025859
1.20439249025859
1.20439249025859
1.20439249025859
1.20439249025859
1.20439249025859
1.20439249025859
1.20439249025859
1.20439249025859
1.20439249025859
1.20439249025859
1.20439249025859
1.20439249025859
1.20439249025859
1.20439249025859
1.20439249025859
1.20439249025859
1.20439249025859
1.20439249025859
0.602196245129295
1.264367816091954
2.528735632183908
1.9683015635039625
1.4078674948240166
1.4078674948240166
1.4078674948240166
1.4078674948240166
1.4078674948240166
1.4078674948240166
1.4078674948240166
1.4078674948240166
1.4078674948240166
1.4078674948240166
1.4078674948240166
1.4078674948240166
1.4078674948240166
1.4078674948240166
1.4078674948240166
1.4078674948240166
1.4078674948240166
1.4078674948240166
1.4078674948240166
1.4078674948240166
1.4078674948240166
1.4078674948240166
1.4078674948240166
1.4078674948240166
1.4078674948240166
1.4078674948240166
1.4078674948240166
1.4078674948240166
1.4078674948240166
1.4078674948240166
1.4078674948240166
1.4078674948240166
1.4078674948240166
1.4078674948240166
1.4078674948240166
1.4078674948240166
1.4078674948240166
1.4078674948240166
1.4078674948240166
1.4078674948240166
1.4078674948240166
1.4078674948240166
1.4078674948240166
1.4078674948240166
1.4078674948240166
1.4078674948240166
1.4078674948240166
1.4078674948240166
1.4078674948240166
1.4078674948240166
1.4078674948240166
1.4078674948240166
1.4078674948240166
1.4078674948240166
0.9094353921940128
2.3205137213958635
2.5327495536981686
2.5327495536981686
2.5327495536981686
2.5327495536981686
2.5327495536981686
2.5327495536981686
2.5327495536981686
2.5327495536981686
2.5327495536981686
2.5327495536981686
2.5327495536981686
2.5327495536981686
2.5327495536981686
2.5327495536981686
2.5327495536981686
2.5327495536981686
2.5327495536981686
2.5327495536981686
2.5327495536981686
2.5327495536981686
2.5327495536981686
2.5327495536981686
2.5327495536981686
2.5327495536981686
2.5327495536981686
2.5327495536981686
2.5327495536981686
2.5327495536981686
2.5327495536981686
2.5327495536981686
2.5327495536981686
2.5327495536981686
2.5327495536981686
2.5327495536981686
2.5327495536981686
2.5327495536981686
2.5327495536981686
2.5327495536981686
2.5327495536981686
2.5327495536981686
2.5327495536981686
2.5327495536981686
2.5327495536981686
2.5327495536981686
1.266374776849084
1.1988424968995453
