0 1 9.103176800367883 
1 0 9.103176800367883 2 19.073586005301678 
2 3 17.065840112158046 1 19.073586005301678 
3 2 17.065840112158046 4 39.29321358282315 
4 3 39.29321358282315 5 23.11589042001228 
5 6 30.19835759052215 4 23.11589042001228 
6 5 30.19835759052215 7 41.21893782305598 
7 6 41.21893782305598 8 45.29751942894229 
8 7 45.29751942894229 9 68.40835666938185 
9 8 68.40835666938185 10 85.39440887938893 
10 11 46.178086072261486 9 85.39440887938893 
11 10 46.178086072261486 12 61.23615762003959 
12 13 24.118618635046744 11 61.23615762003959 
13 14 29.11227409018595 12 24.118618635046744 
14 15 42.17729488351615 13 29.11227409018595 
15 14 42.17729488351615 16 33.295656349107354 
16 17 133.29879190374785 15 33.295656349107354 
17 16 133.29879190374785 18 54.61889205330897 
18 19 100.27677537303462 17 54.61889205330897 
19 20 61.729763606028705 18 100.27677537303462 
20 19 61.729763606028705 21 91.0312842542365 
21 20 91.0312842542365 22 90.03496038119636 
22 23 100.88529357764129 21 90.03496038119636 
23 22 100.88529357764129 24 46.658336665061974 
24 25 25.195184149497493 23 46.658336665061974 
25 24 25.195184149497493 26 22.336092201429693 
26 25 22.336092201429693 27 59.60341103760449 
27 26 59.60341103760449 28 85.91457018343115 
28 29 76.94859203867523 27 85.91457018343115 
29 28 76.94859203867523 30 194.1539341489355 
30 29 194.1539341489355 31 63.59493237411119 
31 32 86.91134114061754 30 63.59493237411119 
32 33 28.3057595886762 31 86.91134114061754 
33 34 28.305752586029865 32 28.3057595886762 285 11.205696282970056 
34 33 28.305752586029865 284 13.164262788703429 35 25.31769565755885 
35 36 44.51908759441743 34 25.31769565755885 
36 35 44.51908759441743 37 62.72510456961193 
37 36 62.72510456961193 38 135.5492695873174 
38 39 64.86107678701096 37 135.5492695873174 
39 38 64.86107678701096 40 22.33589676479892 
40 41 40.15044882667069 39 22.33589676479892 
41 42 30.787500795863828 40 40.15044882667069 
42 41 30.787500795863828 43 18.6099236138693 
43 42 18.6099236138693 44 22.11371164277492 
44 45 14.445278946835112 43 22.11371164277492 
45 44 14.445278946835112 46 12.500579993747747 
46 45 12.500579993747747 47 10.981759564245106 
47 48 15.11597621024321 46 10.981759564245106 
48 49 23.812681021054136 47 15.11597621024321 
49 48 23.812681021054136 50 110.36626292718076 
50 49 110.36626292718076 51 54.466703637451204 
51 50 54.466703637451204 52 21.96340399077907 
52 53 162.97053521585892 51 21.96340399077907 
53 54 23.812461714677383 52 162.97053521585892 
54 53 23.812461714677383 55 26.629264791003713 
55 54 26.629264791003713 56 45.290947815025284 
56 57 50.3104927669473 55 45.290947815025284 
57 58 18.90691654627578 56 50.3104927669473 
58 59 19.26401481082012 57 18.90691654627578 
59 58 19.26401481082012 60 18.325742357564785 
60 59 18.325742357564785 61 59.95609806607554 
61 62 18.325706464015468 60 59.95609806607554 
62 61 18.325706464015468 63 29.839532217618235 
63 64 8.697375417058959 62 29.839532217618235 
64 63 8.697375417058959 65 22.956288444828413 
65 64 22.956288444828413 66 69.57888670912837 
66 67 63.14827871780987 65 69.57888670912837 
67 66 63.14827871780987 68 56.51467025806906 
68 67 56.51467025806906 69 44.167239953580555 
69 70 42.13711602247527 68 44.167239953580555 
70 69 42.13711602247527 71 54.907431451678704 
71 72 88.8298870531096 70 54.907431451678704 
72 71 88.8298870531096 73 11.906008964452436 
73 72 11.906008964452436 
74 75 46.69566592436603 
75 74 46.69566592436603 76 135.110628332542 
76 75 135.110628332542 77 18.325972334995363 
77 76 18.325972334995363 78 15.560324383724158 
78 79 14.742458738632955 77 15.560324383724158 
79 80 27.577659583772643 78 14.742458738632955 
80 79 27.577659583772643 81 50.00235687281271 
81 82 25.96994940059368 80 50.00235687281271 
82 81 25.96994940059368 83 57.101669193785156 
83 84 101.99872728430283 82 57.101669193785156 
84 85 49.50287765825542 83 101.99872728430283 
85 86 28.30568954839383 84 49.50287765825542 
86 85 28.30568954839383 87 63.86694979810198 
87 88 41.29343645578292 86 63.86694979810198 
88 87 41.29343645578292 89 25.317674849112016 
89 90 31.298287639668352 88 25.317674849112016 
90 91 25.31768733548316 89 31.298287639668352 
91 90 25.31768733548316 92 87.90851260175528 
92 93 66.71140662775335 91 87.90851260175528 
93 94 190.16817338336088 92 66.71140662775335 
94 93 190.16817338336088 95 78.80605351834043 
95 94 78.80605351834043 96 81.92778119612 
96 97 76.81163267835923 95 81.92778119612 
97 96 76.81163267835923 98 8.107696145440652 
98 99 25.317824668534097 97 8.107696145440652 
99 100 46.5119975693329 98 25.317824668534097 
100 99 46.5119975693329 101 101.42424544537072 
101 100 101.42424544537072 102 89.90406458729748 
102 101 89.90406458729748 103 48.646310611058205 
103 104 42.39689864106784 102 48.646310611058205 
104 105 61.72972804014635 103 42.39689864106784 
105 104 61.72972804014635 106 100.13449930539147 
106 107 56.49153765524688 105 100.13449930539147 
107 106 56.49153765524688 108 102.00010978969227 
108 109 29.30315928029422 107 102.00010978969227 
109 108 29.30315928029422 110 74.36144867726512 
110 111 52.248735515502304 109 74.36144867726512 
111 110 52.248735515502304 112 36.13935055092514 
112 113 26.100642065696118 111 36.13935055092514 
113 114 46.17805903614901 112 26.100642065696118 
114 113 46.17805903614901 115 5.0193542438950844 
115 116 85.39435895959984 114 5.0193542438950844 
116 115 85.39435895959984 117 64.33449438882023 
117 118 46.39227313518973 116 64.33449438882023 
118 117 46.39227313518973 119 37.15993147969421 
119 120 94.60005111826528 118 37.15993147969421 
120 119 94.60005111826528 121 17.10209557786023 
121 120 17.10209557786023 122 22.113226092598268 
122 123 8.030978207913298 121 22.113226092598268 
123 122 8.030978207913298 
124 125 26.090692116864467 
125 126 16.967234425633638 124 26.090692116864467 
126 125 16.967234425633638 127 31.11050185001193 
127 128 33.03840521336129 126 31.11050185001193 
128 129 17.17384656834995 127 33.03840521336129 
129 130 13.948716748989728 128 17.17384656834995 
130 129 13.948716748989728 131 52.02758235417281 
131 132 15.018197527654287 130 52.02758235417281 
132 131 15.018197527654287 133 25.478324171606864 
133 132 25.478324171606864 134 12.609963138164167 
134 135 24.81714138165501 133 12.609963138164167 
135 134 24.81714138165501 136 28.278707947052013 
136 137 31.314422587499028 135 28.278707947052013 
137 136 31.314422587499028 138 19.162325214344744 
138 139 21.17438892301122 137 19.162325214344744 
139 138 21.17438892301122 140 33.45594731210552 
140 139 33.45594731210552 141 66.16726212102051 
141 142 41.62601550836074 140 66.16726212102051 
142 143 42.408220819284 141 41.62601550836074 
143 144 21.36389422584942 142 42.408220819284 
144 143 21.36389422584942 145 11.311475293544394 
145 146 44.150825760494044 144 11.311475293544394 
146 147 83.47091874943604 145 44.150825760494044 
147 146 83.47091874943604 148 36.12760481755928 
148 149 49.63423286958362 147 36.12760481755928 
149 148 49.63423286958362 150 26.090635251257392 
150 151 26.791846852564372 149 26.090635251257392 
151 150 26.791846852564372 152 94.28048439363495 
152 151 94.28048439363495 153 12.286147128079422 
153 154 52.66536683553978 152 12.286147128079422 
154 153 52.66536683553978 155 8.961900230712763 
155 156 12.28614667492029 154 8.961900230712763 
156 155 12.28614667492029 157 25.77981770309906 
157 158 25.681920822334586 156 25.77981770309906 
158 157 25.681920822334586 159 24.674591143307214 
159 158 24.674591143307214 160 17.923798749748748 
160 161 24.67458997499615 159 17.923798749748748 
161 162 58.10296813710867 160 24.67458997499615 
162 161 58.10296813710867 163 13.508271073169949 
163 164 25.779812699103175 162 13.508271073169949 
164 165 24.57229047397592 163 25.779812699103175 
165 164 24.57229047397592 166 80.25007190751434 
166 167 32.344824887945144 165 80.25007190751434 
167 168 33.45593818962198 166 32.344824887945144 
168 169 20.0625175397138 167 33.45593818962198 
169 168 20.0625175397138 170 25.6819163444154 
170 169 25.6819163444154 171 23.39849696786383 
171 170 23.39849696786383 172 25.779805693884548 
172 173 17.839276221523882 171 25.779805693884548 
173 172 17.839276221523882 174 7.856700921329687 
174 173 7.856700921329687 175 25.779804338892255 
175 174 25.779804338892255 176 56.101149340385255 
176 175 56.101149340385255 177 65.95365821683322 
177 178 13.395918610932332 176 65.95365821683322 
178 177 13.395918610932332 179 104.75999610077372 
179 180 26.791835813132053 178 104.75999610077372 
180 179 26.791835813132053 181 12.210876388580852 
181 182 11.833778277648758 180 12.210876388580852 
182 181 11.833778277648758 183 26.791835813132053 
183 184 115.9846093086964 182 26.791835813132053 
184 183 115.9846093086964 185 69.37440364620502 
185 184 69.37440364620502 186 55.88522963586875 
186 185 55.88522963586875 187 26.791838833873165 
187 186 26.791838833873165 188 8.046756211965508 
188 189 16.727968558112877 187 8.046756211965508 
189 190 30.072844104596403 188 16.727968558112877 
190 189 30.072844104596403 191 17.83927642992615 
191 192 34.63997542642969 190 17.83927642992615 
192 193 12.286144231803174 191 34.63997542642969 
193 194 27.99215268733594 192 12.286144231803174 
194 193 27.99215268733594 195 36.748929792337115 
195 196 81.5659572047987 194 36.748929792337115 
196 195 81.5659572047987 197 23.398497667372318 
197 198 13.39592116041133 196 23.398497667372318 
198 197 13.39592116041133 199 12.286145432451326 
199 200 13.395921305787425 198 12.286145432451326 
200 201 59.13545142314985 199 13.395921305787425 
201 202 24.5722919841103 200 59.13545142314985 
202 201 24.5722919841103 203 16.818077109317194 
203 202 16.818077109317194 204 27.016547538653086 
204 205 24.674591881378305 203 27.016547538653086 
205 206 24.572293122781122 204 24.674591881378305 
206 205 24.572293122781122 207 13.395922375765485 
207 208 7.856705921674824 206 13.395922375765485 
208 209 51.55963855593533 207 7.856705921674824 
209 208 51.55963855593533 210 14.610039677374319 
210 211 94.28048452259307 209 14.610039677374319 
211 210 94.28048452259307 212 27.847808630704886 
212 213 26.3021878890035 211 27.847808630704886 
213 214 26.090637270725267 212 26.3021878890035 
214 213 26.090637270725267 215 58.58655054257867 
215 214 58.58655054257867 216 85.8690412104347 
216 217 54.19142184271648 215 85.8690412104347 
217 216 54.19142184271648 218 63.8396343782568 
218 219 70.71039975156063 217 63.8396343782568 
219 220 34.639995469152694 218 70.71039975156063 
220 219 34.639995469152694 221 33.45594731210552 
221 222 22.354108449343048 220 33.45594731210552 
222 223 20.137722051363077 221 22.354108449343048 
223 222 20.137722051363077 224 31.57081239809145 
224 223 31.57081239809145 225 28.278708096097287 
225 226 24.999196957061844 224 28.278708096097287 
226 225 24.999196957061844 227 11.53205157753799 
227 228 25.47832433372297 226 11.53205157753799 
228 227 25.47832433372297 229 14.781484116385869 
229 230 13.948712494670241 228 14.781484116385869 
230 229 13.948712494670241 231 40.23403775041867 
231 230 40.23403775041867 232 13.50829513753714 
232 233 16.09361815898603 231 13.50829513753714 
233 232 16.09361815898603 234 33.03840546366425 
234 235 30.036417057854415 233 33.03840546366425 
235 234 30.036417057854415 236 16.372976458125322 
236 237 27.18393050943396 235 16.372976458125322 
237 236 27.18393050943396 
238 239 17.839288327527537 
239 240 22.466572770994343 238 17.839288327527537 
240 241 27.902053384644468 239 22.466572770994343 
241 242 57.48714522170958 240 27.902053384644468 
242 243 33.53119445777493 241 57.48714522170958 
243 244 41.626124043568396 242 33.53119445777493 
244 243 41.626124043568396 245 71.81474091063238 
245 246 40.52496552451904 244 71.81474091063238 
246 245 40.52496552451904 247 20.037392103780505 
247 248 33.45595985785073 246 20.037392103780505 
248 247 33.45595985785073 249 27.829711255644096 
249 250 30.07285022122493 248 27.829711255644096 
250 251 17.811015203753843 249 30.07285022122493 
251 250 17.811015203753843 252 11.532118933006869 
252 251 11.532118933006869 253 38.45923707961476 
253 254 55.07764691811203 252 38.45923707961476 
254 255 37.9712729853889 253 55.07764691811203 
255 256 70.45095410279211 254 37.9712729853889 
256 255 70.45095410279211 257 79.40536550736992 
257 256 79.40536550736992 258 72.13780489280785 
258 259 32.645918098432915 257 72.13780489280785 
259 258 32.645918098432915 260 16.08746156754309 
260 261 8.96191338960121 259 16.08746156754309 
261 260 8.96191338960121 262 25.77985919765724 
262 261 25.77985919765724 263 8.046832982153516 
263 262 8.046832982153516 264 17.83928477954269 
264 265 24.674634497223114 263 17.83928477954269 
265 266 76.23411440032038 264 24.674634497223114 
266 267 31.426877099089314 265 76.23411440032038 
267 266 31.426877099089314 268 26.090719091052023 
268 267 26.090719091052023 269 14.610066103109496 
269 270 27.992194157644814 268 14.610066103109496 
270 271 39.283591412376786 269 27.992194157644814 
271 270 39.283591412376786 272 24.674627917779585 
272 273 20.26245465009798 271 24.674627917779585 
273 272 20.26245465009798 274 21.528386554611743 
274 275 13.508302251655499 273 21.528386554611743 
275 274 13.508302251655499 276 11.177057807018652 
276 275 11.177057807018652 277 26.885730096744638 
277 278 23.719324013825474 276 26.885730096744638 
278 277 23.719324013825474 279 13.395928744224685 
279 278 13.395928744224685 280 27.18393818357382 
280 281 44.38227667439735 279 27.18393818357382 
281 282 58.51905952507397 280 44.38227667439735 
282 283 18.52869869254266 281 58.51905952507397 
283 282 18.52869869254266 285 14.653383493533227 284 18.537921824939854 
284 34 13.164262788703429 283 18.537921824939854 
285 283 14.653383493533227 33 11.205696282970056 
