Latitude Longitude
25.60435 85.09351
25.60436 85.09342
25.60436 85.09323
25.60436 85.09306
25.60439 85.09267
25.6044 85.09244
25.60442 85.09214
25.60444 85.09173
25.60447 85.09128
25.60451 85.0906
25.60454 85.08975
25.60454 85.08929
25.60454 85.08868
25.60453 85.08844
25.60453 85.08815
25.60454 85.08773
25.60457 85.0874
25.6047 85.08608
25.60476 85.08554
25.60488 85.08455
25.60495 85.08394
25.60505 85.08304
25.60515 85.08215
25.60524 85.08115
25.6053 85.08069
25.60532 85.08044
25.60535 85.08022
25.60541 85.07963
25.6055 85.07878
25.60559 85.07802
25.6058 85.0761
25.60586 85.07547
25.60595 85.07461
25.60598 85.07433
25.60601 85.07405
25.60604 85.0738
25.60609 85.07336
25.60616 85.07274
25.60631 85.0714
25.60639 85.07076
25.60642 85.07054
25.6065 85.07015
25.60659 85.06986
25.60663 85.06968
25.60669 85.06947
25.60672 85.06933
25.60675 85.06921
25.60679 85.06911
25.60684 85.06897
25.60692 85.06875
25.60729 85.06773
25.60748 85.06723
25.60756 85.06703
25.60812 85.06553
25.6082 85.06531
25.60828 85.06506
25.60837 85.06462
25.6085 85.06414
25.60855 85.06396
25.60861 85.06378
25.60867 85.06361
25.60888 85.06306
25.60894 85.06289
25.60903 85.06261
25.60906 85.06253
25.60916 85.06233
25.6094 85.06169
25.60964 85.06112
25.60989 85.06063
25.61009 85.06025
25.61023 85.05986
25.61043 85.05936
25.61073 85.05854
25.61077 85.05843
25.60755 85.0673
25.60739 85.06773
25.60694 85.06898
25.60688 85.06915
25.60682 85.06929
25.60678 85.06943
25.6067 85.06969
25.60658 85.07017
25.60652 85.07042
25.60643 85.07098
25.60633 85.07199
25.60628 85.07248
25.60625 85.07276
25.60617 85.07339
25.60614 85.0738
25.60611 85.07405
25.60608 85.07436
25.60605 85.07461
25.60596 85.07548
25.60589 85.07614
25.60568 85.07802
25.6056 85.0788
25.60551 85.07961
25.60543 85.08037
25.60542 85.08045
25.60539 85.0807
25.60534 85.08116
25.60521 85.08216
25.60512 85.08305
25.60506 85.08353
25.60502 85.08395
25.60495 85.08456
25.60484 85.08555
25.60479 85.08611
25.60469 85.08712
25.60466 85.08741
25.60463 85.08815
25.60461 85.08867
25.60461 85.08903
25.60461 85.08929
25.60461 85.08975
25.60461 85.0898
25.60458 85.09065
25.60455 85.09129
25.60451 85.09175
25.6045 85.09212
25.60444 85.09306
25.60445 85.09323
25.60444 85.09345
25.60444 85.09353
25.60552 85.0804
25.60575 85.08045
25.6059 85.08048
25.60617 85.08056
25.60646 85.08063
25.60661 85.08067
25.60673 85.08071
25.60718 85.08085
25.60731 85.08089
25.60753 85.08096
25.60764 85.08099
25.60786 85.08103
25.60811 85.08108
25.60839 85.08111
25.60856 85.08114
25.60875 85.08115
25.60905 85.08117
25.60964 85.08125
25.61001 85.08131
25.61039 85.08134
25.61058 85.08137
25.61068 85.08139
25.61107 85.08147
25.6118 85.08166
25.61212 85.08172
25.61256 85.0818
25.61279 85.08185
25.61303 85.08187
25.61387 85.08199
25.61398 85.082
25.61445 85.08206
25.61453 85.08207
25.61464 85.08208
25.61487 85.08211
25.6151 85.08213
25.61532 85.08216
25.61548 85.08218
25.6157 85.08221
25.61622 85.08226
25.61634 85.08228
25.61657 85.08231
25.61679 85.08233
25.61751 85.08237
25.6178 85.08239
25.6181 85.08241
25.61828 85.08242
25.61851 85.08244
25.61872 85.08245
25.61895 85.08248
25.61911 85.08249
25.61918 85.0825
25.61941 85.08253
25.61991 85.0826
25.6205 85.08266
25.62062 85.08267
25.62156 85.08272
25.6218 85.08274
25.6219 85.08279
25.6218 85.08283
25.62156 85.08281
25.62052 85.08274
25.6199 85.08267
25.6194 85.08262
25.61916 85.0826
25.61909 85.08258
25.61894 85.08257
25.61867 85.08256
25.61851 85.08255
25.6182 85.08252
25.61809 85.08251
25.61784 85.08248
25.61751 85.08247
25.61678 85.0824
25.61657 85.08239
25.61645 85.08238
25.61634 85.08237
25.61622 85.08236
25.61569 85.08232
25.61547 85.0823
25.61532 85.08228
25.61508 85.08224
25.61486 85.08221
25.61464 85.08219
25.61452 85.08218
25.61445 85.08217
25.61399 85.08211
25.61386 85.08209
25.61302 85.08197
25.61277 85.08196
25.61254 85.0819
25.61231 85.08185
25.61179 85.08176
25.61104 85.08156
25.61056 85.08147
25.60999 85.0814
25.60936 85.08131
25.60905 85.08128
25.60875 85.08126
25.60855 85.08124
25.60837 85.08122
25.60809 85.08117
25.60784 85.08112
25.60762 85.08107
25.60752 85.08104
25.6073 85.08097
25.60717 85.08094
25.60705 85.0809
25.6067 85.0808
25.60658 85.08078
25.60644 85.08074
25.60615 85.08067
25.60589 85.08059
25.60575 85.08054
25.60551 85.08049
25.59333 85.07665
25.59349 85.07664
25.59369 85.07661
25.59394 85.07659
25.59445 85.0765
25.59475 85.07647
25.59512 85.07641
25.59576 85.07632
25.59612 85.07626
25.5963 85.07626
25.5966 85.07628
25.59685 85.07628
25.59712 85.07627
25.59728 85.07627
25.59738 85.07624
25.59768 85.07605
25.5981 85.07576
25.5984 85.07558
25.59892 85.07518
25.59953 85.07477
25.60008 85.07439
25.60033 85.07422
25.60046 85.07415
25.60054 85.07414
25.60077 85.07417
25.60084 85.07419
25.601 85.0742
25.60122 85.07423
25.6019 85.07432
25.60218 85.07436
25.60241 85.07441
25.60254 85.07443
25.60279 85.07446
25.60314 85.07451
25.60336 85.07454
25.60354 85.07457
25.60373 85.07461
25.60385 85.07463
25.60395 85.07464
25.60419 85.07467
25.6044 85.07471
25.60452 85.07472
25.60476 85.07467
25.60512 85.07448
25.60562 85.0743
25.60577 85.07422
25.60591 85.07412
25.60589 85.07428
