369.779
401.615
422.696
440.774
454.532
463.134
468.168
472.61
473.213
475.859
485.727
488.373
490.761
493.691
494.969
495.726
500.599
503.245
504.16
505.633
506.805
513.651
513.733
514.297
515.925
518.571
520.342
520.959
523.192
523.73
525.527
525.838
527.562
528.226
532.434
534.129
535.08
536.244
538.518
541.164
541.289
541.983
543.552
544.597
544.629
545.243
546.132
546.323
547.017
547.761
548.642
550.406
551.116
551.226
551.288
552.178
553.39
553.871
554.171
554.817
556.036
556.161
556.722
558.424
559.368
560.187
561.195
562.833
564.814
565.964
566.442
567.19
569.429
570.655
571.487
571.594
572.075
573.709
574.24
576.521
576.764
577.079
578.754
580.478
582.062
583.124
583.788
585.291
586.653
587.407
587.997
589.035
589.08
591.337
591.636
591.806
592.5
594.004
594.08
594.114
594.452
596.649
599.049
599.114
601.695
602.279
603.323
603.907
606.678
606.962
608.952
609.324
611.379
611.673
612.284
613.986
614.229
614.319
615.138
616.707
617.127
617.605
617.784
620.173
620.916
621.376
622.004
622.753
623.172
624.381
624.65
624.872
625.399
625.812
626.545
627.027
627.156
628.864
629.191
629.271
629.555
629.995
631.469
631.545
631.579
631.917
632.327
632.641
632.89
633.163
634.114
635.809
636.579
637.625
638.208
638.935
639.486
639.569
639.68
640.198
640.27
640.788
640.854
642.326
643.663
643.969
644.427
644.597
646.795
647.199
647.243
647.762
649.44
649.566
649.677
649.749
650.26
650.708
652.322
652.906
653.807
655.07
655.756
657.648
658.402
658.841
658.992
659.221
659.469
660.218
661.867
662.115
662.525
663.088
663.836
664.998
667.02
667.236
667.301
667.644
668.464
669.133
669.792
669.881
670.044
670.355
670.433
670.628
671.109
672.27
672.69
673.274
673.347
673.41
673.898
674.167
674.916
676.4
676.544
676.952
678.381
678.646
678.708
678.728
679.597
680.007
680.118
680.763
681.434
682.062
682.108
682.589
684.753
685.118
685.643
685.681
687.031
687.142
688.282
688.725
689.146
689.788
690.76
691.726
692.278
694.923
695.191
695.743
696.76
698.389
699.99
700.225
700.553
700.969
701.239
702.357
702.711
703.608
703.885
704.434
704.701
704.704
706.598
707.35
709.735
709.93
710.481
710.564
710.875
711.318
711.632
712.599
713.353
713.395
713.943
713.947
716.111
716.592
716.818
717.472
717.583
718.757
719.166
719.95
720.118
720.561
722.583
722.596
722.638
723.415
724.802
726.061
726.19
726.201
728.225
729.972
732.106
732.514
732.798
735.16
735.444
737.215
739.822
740.176
741.073
741.759
744.405
744.844
747.212
747.84
748.783
750.486
751.002
753.951
756.631
756.801
758.026
758.273
759.277
759.447
760.17
760.919
762.912
763.46
763.666
765.516
767.438
768.162
770.263
771.673
772.155
772.909
773.034
773.145
774.319
775.512
775.791
776.374
778.158
779.224
781.623
781.87
782.764
784.677
785.305
786.371
788.36
788.467
791.113
794.266
795.738
797.322
797.635
798.384
799.357
800.003
803.468
803.509
805.953
808.21
808.964
812.193
812.429
812.977
814.229
818.207
820.229
821.672
823.836
825.825
834.787
836.822
843.419
844.029
846.064
870.68
886.006
894.967
898.981
901.627
909.839
923.471
932.432
941.675
1582.11
1590.55
1593.19
1613.06
1621.49
1624.14
1630.98
1631.63
1635.03
1637.67
1653.11
1661.93
1662.58
1665.39
1665.97
1668.45
1668.62
1675.47
1680.5
1683.77
1687.24
1702.62
1706.02
1706.41
1708.67
1709.88
1711.45
1712.52
1712.93
1714.91
1715.58
1717.97
1723.6
1724.01
1726.07
1726.66
1728.26
1728.71
1730.9
1731.72
1733.29
1734.37
1736.06
1736.76
1738.71
1739.34
1741.98
1745.45
1746.46
1749.93
1752.57
1754.96
1755.54
1757.01
1758.19
1759.66
1762.04
1765.09
1766.5
1767.01
1767.15
1768.09
1768.49
1769.65
1771.14
1773.12
1773.53
1776.17
1776.8
1777.15
1780.42
1783.82
1783.88
1786.47
1788.85
1789.93
1791.5
1794.96
1795.98
1797.45
1798.1
1799.44
1799.44
1802.09
1803.97
1804.47
1808.09
1808.13
1811.56
1814.61
1819.29
1821.28
1826.32
1829.94
1833.4
1834.91
1838.14
1838.9
1839.49
1845.49
1847.34
1848.14
1848.96
1849.98
1851.61
1856.76
1857.65
1859.53
1862.18
1867.68
1869.85
1870.74
1874.86
1877.5
1878.28
1880.93
1887.77
1888.42
1889.01
1890.48
1891.06
1891.82
1893.12
1893.71
1894.46
1900.61
1901.06
1903.7
1907.17
1907.31
1907.73
1909.9
1910.37
1912.32
1914.97
1915.94
1917.2
1918.72
1919.37
1920.26
1922.77
1923.25
1923.65
1925.41
1926.3
1929.16
1931.5
1931.56
1932.26
1937.29
1938.52
1940.56
1951.8
1953.41
1954.44
1954.6
1954.85
1956.83
1957.25
1957.5
1959.41
1959.88
1961.04
1962.81
1963.2
1963.3
1964.09
1965.46
1965.52
1965.93
1968.24
1968.57
1968.96
1971.61
1972.76
1973.17
1973.64
1975.82
1976.29
1978.67
1982.86
1982.88
1985.05
1985.5
1985.53
1987.37
1987.69
1990.08
1991.84
1992.85
1994.49
1994.65
1995.5
1996.13
1996.88
1998.77
2001.09
2003.25
2003.96
2004.12
2007.01
2010
2010.41
2010.56
2012.33
2012.81
2013.06
2013.61
2013.8
2014.98
2015.04
2015.45
2016.45
2018.09
2018.72
2023.29
2023.8
2023.94
2024.53
2025.8
2026.45
2027.17
2031.85
2032.4
2033.94
2035.05
2036.88
2037.21
2040.61
2041.09
2041.36
2041.36
2043.26
2044.01
2044.17
2045.64
2045.89
2046.39
2048.29
2050.05
2050.6
2052.77
2053.48
2054.24
2054.89
2055.78
2056.53
2060.07
2062.72
2063.13
2063.2
2064.88
2065.77
2068.24
2072.45
2075.32
2076.09
2076.83
2081.41
2081.92
2084.56
2086.72
2086.73
2090.61
2090.88
2093.52
2094.93
2098.68
2099.57
2100.12
2101.45
2102.29
2102.77
2104.1
2104.93
2108.69
2111.34
2118.28
2118.69
2121.33
2121.96
2126.77
2130.92
2131.65
2132.4
2134.29
2135.04
2139.64
2140.13
2142.28
2142.53
2147.85
2149.09
2149.13
2149.64
2150.5
2154.24
2156.89
2157.85
2158.33
2160.49
2171.48
2172.73
2173.48
2179.69
2180.08
2180.44
2182.33
2188.29
2189.68
2195.32
2201.92
2204.57
2210.88
2213.53
2220.12
2257.48
2260.13
2266.44
2269.09
2588.68
2620.52
2641.6
2657.51
2659.67
2673.43
2682.03
2704.63
2707.27
2712.46
2712.59
2713.87
2714.63
2723.42
2726.06
2732.66
2733.2
2734.82
2735.31
2737.47
2739.24
2741.62
2744.27
2744.43
2750.86
2753.03
2760.19
2761.98
2764.14
2765.03
2767.54
2768.02
2770.19
2771.08
2773.72
2781.07
2783.71
2786.11
2788.76
2790.39
2796.57
2799.22
2799.38
2802.03
2803.66
2804.19
2805.55
2805.82
2806.31
2807.98
2808.07
2810.24
2812.9
2812.98
2815.55
2817.06
2817.54
2817.95
2819.71
2820.59
2822.22
2822.45
2825.1
2826.55
2826.63
2831.18
2831.69
2833.86
2834.34
2836.5
2836.63
2840.66
2843.3
2844.71
2846.09
2848.74
2848.9
2849.14
2849.9
2851.79
2852.06
2852.54
2854.71
2854.78
2855.33
2857.11
2857.5
2857.59
2857.83
2858.39
2858.47
2859.22
2859.75
2867.07
2867.94
2868.47
2870.58
2876.55
2876.63
2877.18
2879.34
2879.82
2881.99
2885.87
2886.14
2886.14
2888.03
2888.78
2888.94
2889.42
2889.66
2892.31
2894.83
2895.38
2895.61
2897.55
2897.63
2898.25
2898.91
2899.66
2904.3
2904.71
2904.85
2907.01
2907.35
2907.5
2907.63
2909.66
2912.01
2919.86
2921.26
2922.51
2924.28
2926.14
2929.46
2930.22
2931.5
2934.28
2934.9
2935.39
2935.65
2937.55
2938.07
2939.46
2942.46
2944.35
2945.1
2945.23
2951.7
2952.58
2953.18
2953.82
2954.34
2955.23
2956.12
2956.23
2956.87
2957.5
2960.66
2962.58
2963.06
2963.31
2964.26
2964.67
2965.22
2966.11
2966.74
2967.31
2969.9
2975.42
2975.66
2975.7
2984.42
2984.9
2985.17
2987.06
2987.07
2993.02
2993.23
2993.86
2994.41
2995.27
2995.61
2998.02
3002.05
3002.7
3003.11
3005.11
3005.27
3005.75
3007.26
3008.74
3009.15
3011.8
3015.61
3016.22
3018.26
3023.9
3024.85
3027.11
3040.1
3042.75
3042.87
3046.54
3048.79
3049.59
3051.57
3054.62
3068.38
3071.03
3071.17
3073.07
3073.41
3073.82
3080.15
3082.1
3086.58
3095.66
3098.31
3100.19
3102.83
3104.91
3109.78
3110.19
3112.83
3113.46
3113.87
3120.54
3126.59
3129.66
3131.13
3131.62
3133.78
3136.1
3140.63
3141.13
3141.27
3148.22
3151.27
3157.94
3162.98
3170.06
3171.57
3172.22
3185.62
3188.26
3193.42
3212.27
3243.83
3248.98
3251.63
3265.18
3267.83
3275.18
3290.06
3305.62
3797.96
3801.01
3838.01
3847.48
3850.53
3853.52
3853.93
3856.57
3884.87
3887.52
3891.31
3893.57
3894.37
3903.04
3903.45
3906.09
3913.16
3915.8
3924.92
3931.36
3934.39
3940.83
3943.09
3943.88
3962.67
3965.32
3971.37
3974.44
3980.88
3986.05
3990.35
3992.99
3993.4
3996.05
4002.72
4012.19
4014.84
4017
4020.88
4030.39
4033.04
4038.97
4041.61
4048.55
4048.96
4051.61
4052.24
4057.04
4069.91
4070.4
4072.56
4079.4
4079.91
4088.6
4101.75
4109.96
4110.35
4112.61
4119.96
4132.19
4134.84
4150.4
4187.76
4190.4
