2 2 1.2e-05 0.044279
2 3 4e-06 0.041816
2 4 6e-06 0.041226
2 5 1e-05 0.042977
2 6 1.7e-05 0.044455
2 7 4e-05 0.044811
2 8 7.8e-05 0.045775
3 2 5e-06 0.043963
3 3 9e-06 0.045259
3 4 2.2e-05 0.046987
3 5 5.9e-05 0.047911
3 6 0.00018 0.060299
3 7 0.000775 0.065023
3 8 0.002465 0.062259
4 2 8e-06 0.04956
4 3 2.4e-05 0.048329
4 4 7.7e-05 0.051015
4 5 0.000279 0.050341
4 6 0.001348 0.051232
4 7 0.004487 0.061446
4 8 0.022009 0.055038
5 2 9e-06 0.050965
5 3 4.8e-05 0.055932
5 4 0.000161 0.055489
5 5 0.000879 0.056758
5 6 0.004219 0.057821
5 7 0.02134 0.058144
5 8 0.109958 0.059593
6 2 1.2e-05 0.055684
6 3 5.9e-05 0.054675
6 4 0.00034 0.058247
6 5 0.002241 0.057612
6 6 0.012793 0.05892
6 7 0.078957 0.061585
6 8 0.488893 0.060027
7 2 1.5e-05 0.055497
7 3 0.0001 0.056472
7 4 0.000748 0.059202
7 5 0.004664 0.059731
7 6 0.033308 0.061444
7 7 0.240041 0.063347
7 8 1.7152 0.064463
8 2 2.2e-05 0.059477
8 3 0.000154 0.060829
8 4 0.001264 0.06189
8 5 0.009307 0.062394
8 6 0.077888 0.063904
8 7 0.625555 0.06531
8 8 5.12351 0.065822
9 2 2.5e-05 0.071201
9 3 0.000246 0.064536
9 4 0.002041 0.063846
9 5 0.017076 0.066865
9 6 0.157124 0.067626
9 7 1.45677 0.068569
9 8 13.4416 0.068223
10 2 3.3e-05 0.062467
10 3 0.000327 0.063495
10 4 0.003018 0.071145
10 5 0.029586 0.068902
10 6 0.302793 0.072721
10 7 3.10745 0.071009
10 8 32.1958 0.071732
