316 1368 434
122 1395 226
401 651 447
312 1808 447
172 1404 210
360 2332 482
228 2142 557
94 845 105
99 780 166
188 1374 272
237 2434 397
230 1503 380
289 2311 341
195 1278 277
211 1350 427
333 1998 442
369 1869 781
326 2617 596
104 488 134
270 1585 344
182 960 182
373 2419 482
115 550 157
273 2370 515
188 1546 446
181 1292 212
267 1612 374
285 1028 417
207 1005 271
177 529 177
169 309 170
187 1736 208
258 717 258
256 1953 608
349 1590 389
66 518 158
38 559 100
335 954 376
202 1855 310
354 1463 596
147 1046 218
218 2167 482
328 2163 382
405 1808 422
278 1883 484
252 1163 252
110 266 110
269 1390 369
292 1916 479
92 1085 197
145 951 321
306 2532 385
162 857 249
349 985 577
395 1015 421
46 822 121
235 969 292
142 1081 160
152 2197 381
222 2004 560
168 1226 168
290 642 309
154 473 201
144 1342 320
76 533 143
275 2324 394
170 2394 293
340 1167 454
54 536 144
300 1230 300
289 2130 675
46 567 130
302 2016 560
56 892 56
332 2095 464
88 531 186
99 711 174
215 1129 330
38 843 38
317 906 348
70 665 70
110 430 146
280 1840 280
187 1200 313
363 1177 378
68 706 287
276 2306 441
464 1064 690
60 806 165
256 678 291
92 654 117
137 1823 235
166 1114 212
117 531 117
88 692 88
377 1884 608
397 1306 471
346 1751 523
273 2089 361
175 274 175
296 1710 375
266 534 266
377 1938 407
93 524 115
455 1609 677
348 2182 416
205 2022 635
398 2604 511
213 1392 397
78 629 104
126 679 241
138 547 162
48 224 80
274 1201 362
243 1358 349
235 2442 497
120 1435 254
78 641 194
516 979 516
363 2193 560
472 1796 856
335 1225 538
372 2009 372
200 1071 209
52 137 52
375 2318 782
235 1543 450
226 992 315
206 1042 561
229 2087 549
216 891 216
174 1322 192
157 303 157
419 960 419
190 1697 237
338 1363 374
301 1463 331
186 1639 189
146 725 263
382 1909 647
158 1009 245
225 1005 314
233 1809 385
387 2119 474
103 224 103
275 2224 580
219 1477 219
90 872 145
98 2305 201
298 2467 575
114 1473 507
294 1109 448
269 1034 321
417 1788 741
108 479 129
249 1840 519
134 1799 198
338 2656 340
543 1057 558
209 1263 281
294 1408 485
281 2575 281
265 2216 613
112 700 318
331 2636 938
261 1552 355
245 1969 462
272 1941 468
345 2621 627
184 753 192
603 1649 665
160 1235 211
269 1483 323
362 2545 645
92 774 136
264 1636 461
207 830 207
226 1964 382
259 2178 566
151 2233 285
151 662 151
155 1148 177
337 1857 632
152 825 152
252 2202 702
66 738 219
212 801 218
81 1470 207
255 2178 548
391 2479 657
78 633 97
293 1208 565
268 773 369
399 1410 667
364 2169 453
214 1169 236
134 888 265
293 1308 293
406 1762 704
312 2565 572
839 2115 1166
186 571 186
256 2734 439
226 1636 496
206 1444 412
328 1236 523
194 377 194
382 1695 428
371 2243 621
258 2548 535
309 1714 639
278 1230 542
78 685 78
493 620 493
251 1519 416
219 912 330
96 493 170
48 775 311
203 1725 345
227 858 504
145 1310 243
297 1614 472
397 871 397
145 762 185
196 1353 349
135 843 177
253 1726 598
304 1559 354
104 458 104
66 492 66
266 1443 375
53 545 54
67 821 176
131 1686 397
372 1381 475
262 2568 632
207 863 343
225 1740 247
68 468 101
140 1135 291
202 1448 295
171 2027 311
99 485 312
240 1058 311
153 558 190
141 885 219
180 877 205
425 1900 663
25 480 25
207 1193 532
121 680 168
223 1609 283
151 755 168
234 2130 665
247 1753 290
242 606 242
380 2975 484
438 855 497
279 3144 694
207 778 296
304 2436 452
184 1750 442
99 352 99
221 1270 221
163 763 246
62 696 62
301 1157 414
209 2202 365
99 1083 179
184 557 184
300 1134 335
111 1330 165
149 535 149
170 2329 434
108 844 211
233 1477 666
180 368 180
212 1267 336
231 443 285
215 2130 352
276 2185 462
95 627 233
69 816 199
128 1403 232
329 2083 405
235 2287 582
334 2715 673
363 530 375
114 819 120
220 1861 364
141 1027 152
207 988 287
283 2340 554
164 1519 209
209 1089 322
135 1068 266
104 510 104
43 768 43
303 2093 563
50 734 286
49 287 49
239 1708 361
285 1688 330
101 541 269
207 583 207
288 2507 484
300 788 300
247 2148 447
226 1290 311
306 1628 418
59 781 59
306 2130 559
174 1428 182
237 376 283
167 1178 480
220 2267 248
287 1846 540
935 1374 1031
342 1352 359
244 2088 655
355 1572 470
783 1434 820
218 1308 359
283 1985 463
140 378 140
79 754 79
283 1655 515
610 943 610
248 1557 288
55 1723 205
612 941 643
465 562 465
128 1762 240
150 2299 383
261 2447 598
323 2275 592
281 1474 447
251 1981 319
115 860 144
85 676 163
386 705 386
298 2187 547
127 246 127
277 661 277
327 922 542
98 716 98
83 202 84
261 1622 437
410 1389 662
229 1520 416
304 1508 325
239 1228 248
259 1996 412
84 613 145
184 1005 267
326 2434 575
163 1171 339
270 2255 522
438 2601 545
114 953 123
249 1689 369
227 1238 301
171 808 262
259 1616 627
348 634 369
64 688 320
397 1465 849
146 1216 146
121 821 149
252 635 252
230 1606 326
136 738 136
394 1481 668
115 765 115
163 1308 254
364 2411 542
82 607 82
197 842 208
208 1596 224
175 1756 185
273 1910 473
284 1356 408
65 119 65
105 324 105
156 580 183
240 1604 556
196 1169 205
314 2072 517
321 1944 409
390 1779 554
192 356 192
45 508 64
199 1264 238
77 682 77
361 1297 565
425 707 445
202 1466 331
53 513 226
100 553 140
174 1453 205
54 759 150
169 1430 177
188 580 188
87 554 151
257 1351 441
166 969 195
78 472 137
71 443 263
307 1608 307
548 1722 806
322 1453 433
61 566 61
93 749 216
264 1590 370
340 2271 408
305 657 314
73 1336 179
299 1831 633
363 968 448
147 676 147
184 766 238
193 1487 298
287 2040 537
393 1342 454
243 2077 372
264 708 299
183 1238 200
335 2060 562
180 414 207
324 977 324
277 1923 446
130 353 148
206 1862 321
272 1764 308
447 847 447
49 742 49
116 767 175
480 2187 673
345 1757 500
109 514 128
330 1174 442
284 1593 322
257 1806 409
184 1641 281
90 1053 102
132 528 146
172 1651 295
270 2688 532
255 1293 277
76 736 121
231 758 322
104 626 240
306 791 360
115 828 308
252 1814 521
86 531 140
271 747 374
154 869 247
274 1531 388
81 447 137
217 2523 496
333 701 333
546 949 708
293 1685 382
296 830 447
335 1815 476
247 811 271
105 833 142
517 1956 1015
292 1190 301
406 2054 605
174 475 174
275 1990 788
183 1051 207
385 1800 696
594 1075 646
188 1492 219
214 1779 517
250 931 261
236 2293 442
155 717 155
184 1752 328
215 577 260
179 1442 309
371 1315 701
261 827 336
236 1078 276
566 929 567
270 1863 666
221 988 244
246 2249 424
364 2007 520
134 1181 170
96 541 185
424 1278 595
65 1359 227
204 1979 416
112 847 138
196 2367 420
259 1351 348
275 1244 521
674 1285 674
250 798 263
173 1646 210
177 1183 182
301 1129 365
301 2164 483
66 281 166
235 2478 450
197 1364 228
273 2122 312
181 1061 543
111 1127 199
416 774 436
85 722 189
151 798 234
314 2058 515
341 1107 447
170 1959 245
244 1557 388
160 759 160
387 2037 968
630 1398 864
324 2152 510
351 1453 553
317 2384 712
320 1791 470
75 469 106
327 1046 584
336 1922 602
223 1977 462
288 618 288
226 1864 359
289 827 515
442 1632 656
347 1861 441
237 546 237
371 1346 434
103 542 185
81 773 107
324 1143 324
328 1665 415
399 1896 728
320 690 393
168 274 168
126 1137 206
384 1406 657
325 2783 854
394 1961 670
135 664 206
87 942 147
393 1072 672
64 386 64
166 2179 333
329 869 501
205 2329 670
641 1556 881
367 1854 654
244 1472 244
155 662 155
415 1218 415
147 693 201
277 1920 302
153 1363 471
165 990 243
208 1335 230
149 448 149
354 2217 406
284 2103 432
202 1043 287
180 1948 410
330 1366 330
82 991 126
143 1571 187
134 489 262
267 1800 492
133 500 145
140 877 199
204 2301 376
274 1319 426
154 1390 434
107 490 166
254 2247 311
136 784 144
85 589 155
185 1426 302
261 1105 313
151 957 151
113 703 213
212 805 242
139 729 185
556 1375 850
186 1615 286
432 2952 876
307 2050 458
62 309 62
113 1503 173
105 658 344
237 2566 453
162 1702 219
143 1370 149
146 1181 262
155 987 178
278 1058 309
519 1027 687
232 1970 427
92 544 92
145 745 310
121 1230 274
237 2522 536
318 726 318
236 1188 313
90 1219 273
85 835 144
261 1212 466
384 1645 417
276 2179 448
272 1407 509
135 740 151
130 633 130
282 2152 437
150 1725 273
160 1367 297
498 1377 562
306 1346 390
307 2609 665
193 497 193
442 1342 558
107 1136 203
168 224 168
429 2099 618
170 2093 360
85 692 85
233 327 233
205 1608 242
235 1861 270
198 1678 339
250 1816 433
399 2086 531
151 858 221
401 2346 704
137 1044 196
195 1971 349
360 1512 406
368 1191 373
747 1085 763
150 1234 255
260 2736 576
101 524 139
194 1381 363
298 2522 484
266 456 266
167 1374 191
274 2004 428
104 1011 169
322 1553 498
261 1923 428
224 775 224
288 1314 313
304 2106 619
86 699 135
204 1114 295
341 1142 490
135 521 184
258 2398 513
108 1169 108
56 729 56
202 2200 313
192 1466 281
104 981 137
114 1036 258
515 1644 615
196 2042 211
163 580 217
320 1940 497
95 567 95
59 267 59
369 2053 489
107 472 196
25 810 77
138 655 166
154 457 154
41 826 161
180 797 260
128 1158 170
444 1594 444
128 524 128
254 884 254
354 2640 584
174 712 189
405 2640 1003
163 605 163
134 1289 228
276 2742 558
231 1870 337
223 1777 259
245 701 245
201 1147 275
248 1129 248
70 992 149
116 661 137
429 1051 429
167 787 195
400 744 400
131 1289 247
312 2211 446
210 1049 296
213 1726 331
205 1115 333
110 683 216
326 2738 436
189 1960 547
240 705 303
343 2584 630
336 1495 569
238 612 253
158 1315 583
598 1863 738
191 1834 351
140 1118 200
289 1905 499
263 1896 546
59 750 115
172 571 172
113 776 284
160 1126 274
154 1434 176
338 1860 578
285 1343 391
198 1040 527
478 1068 478
254 2151 335
287 2196 526
257 1144 322
156 534 217
450 1373 667
519 1352 592
44 508 44
211 1494 356
296 1876 584
305 2133 481
284 1753 369
221 1598 347
408 709 408
234 1481 515
219 1251 219
242 1803 457
75 608 132
40 820 157
243 340 243
480 2073 895
292 610 292
294 2000 455
233 2523 496
247 1481 408
229 455 280
84 897 125
178 2141 292
332 1453 334
105 523 105
219 680 257
109 1318 230
137 903 200
97 456 133
317 2157 531
196 1186 314
194 695 194
366 1636 439
324 848 468
74 480 74
151 380 151
210 1040 210
182 2113 250
172 1403 231
238 2157 470
286 1239 480
248 2233 330
232 1148 293
258 2224 625
103 1068 196
556 924 582
116 468 117
239 856 239
569 1146 569
314 909 314
112 506 167
268 1863 476
373 660 373
237 948 237
296 2097 492
475 2029 573
221 1531 378
120 704 129
230 1220 246
76 444 88
163 630 163
362 2699 1084
340 1272 406
78 146 78
185 917 196
141 1706 273
197 1561 254
118 621 118
324 2188 707
128 426 128
238 1400 389
134 730 165
264 1010 434
288 1799 653
354 1401 524
221 771 253
280 2276 593
488 1609 567
259 1742 631
288 2490 658
354 1129 491
118 1552 150
126 848 259
91 952 91
153 525 153
174 445 174
184 1035 247
181 830 210
243 1340 306
255 800 330
140 1418 369
614 1483 847
71 183 71
78 845 125
173 734 201
98 744 224
218 2498 500
753 1737 801
183 768 199
292 1071 330
494 621 494
118 1431 212
45 660 58
18 643 69
164 1400 335
204 2364 674
122 674 193
281 662 281
150 967 150
252 960 252
73 533 104
82 1038 186
338 1578 378
153 755 198
288 2503 538
250 1785 399
224 1248 323
196 559 196
180 1456 180
177 945 227
114 1367 350
364 2952 844
378 721 447
