2 2 5e-06 0.343911
2 3 6e-06 0.41118
2 4 8e-06 0.651567
2 5 1.3e-05 0.308743
2 6 2.4e-05 0.303083
2 7 4.7e-05 0.343905
2 8 9.5e-05 0.415464
2 9 0.000194 0.359929
3 3 1.2e-05 0.352256
3 4 2.9e-05 0.418472
3 5 7.8e-05 0.356292
3 6 0.000233 0.368307
3 7 0.000716 0.291761
3 8 0.002324 0.333157
3 9 0.007446 0.382466
4 4 8.2e-05 0.309707
4 5 0.000319 0.290808
4 6 0.001321 0.290118
4 7 0.005507 0.330854
4 8 0.024251 0.328422
4 9 0.101184 0.325119
5 5 0.000984 0.333452
5 6 0.006063 0.39206
5 7 0.027982 0.305165
5 8 0.150434 0.313595
5 9 0.815797 0.313835
6 6 0.015638 0.341595
6 7 0.102051 0.327389
6 8 0.650228 0.327922
6 9 4.11694 0.303891
7 7 0.296234 0.307587
7 8 2.28931 0.244006
7 9 17.4167 0.323057
8 8 6.76885 0.324174
8 9 60.4982 0.378942
9 9 182.861 0.389358
