30075 29892 39340 30292 33616 29874 3488 35659 37620 81121 74187 8550 3498 39251 30632 74457 17822 74631 37563 9487 5511 27892 36220 
33616 29874 3488 37620 74187 3498 30632 74631 9487 5511 
21481 66160 41792 66039 39099 76060 5417 2105 28057 23732 65754 15742 34876 34866 44229 54631 35121 36988 21125 40684 65601 5719 81364 28016 
21481 39099 2105 65754 34866 44229 54631 40684 28016 
1464 2568 6021 53052 26803 41620 38002 36627 40819 55590 4417 10273 44411 7392 13872 24910 21637 56117 55211 2308 55028 45277 21898 
6021 53052 41620 36627 55590 4417 44411 7392 13872 21637 55211 2308 55028 45277 21898 
19008 30886 77401 48222 14973 18485 19571 31752 28640 36323 2462 28635 68540 81780 43576 15514 56573 64583 15963 77392 36453 45495 68694 
19008 30886 18485 31752 28640 2462 68540 81780 43576 64583 36453 45495 68694 
31538 82494 62056 61922 50103 72693 53279 71957 17103 63755 63549 51772 79647 58040 49037 71634 82416 62462 64027 72307 69366 50873 58069 71284 
82494 62056 61922 50103 71957 63755 51772 71634 82416 62462 50873 
19757 19834 59760 68396 45098 29 18887 47341 59917 45868 60400 44822 27626 47397 26831 46027 59931 77999 57572 72836 79172 27404 77793 25495 
19757 19834 59760 68396 45098 29 18887 59917 45868 47397 26831 72836 
